isocode	motorway	pmary	residential	secondary	serviceother	tertiary	trunk	unclassified
DM	0.0	663111.0	408026.5	183949.0	579896.0	152470.0	0.0	180807.5
JE	0.0	796673.5	34238.5	255226.5	557194.0	86790.5	0.0	325840.5
BL	0.0	97383.0	62541.0	34924.0	30936.0	25590.0	0.0	2649.0
IO	0.0	0.0	19435.0	0.0	43379.0	80420.0	0.0	4757.0
BM	0.0	289033.5	270378.0	49902.0	123867.0	15306.0	0.0	91550.0
SC	0.0	387322.0	236027.5	119429.5	200148.0	75294.0	22305.0	26447.0
WS	0.0	1105995.0	369737.5	197656.0	1338499.5	203539.5	0.0	160858.0
BN	90455.0	36352.5	159419.75	90477.0	50936.25	103184.25	111861.5	46042.25
MS	0.0	95365.0	84631.0	0.0	49030.0	33147.5	0.0	30568.0
VG	0.0	239953.0	24027.0	3012.0	50969.5	29104.0	0.0	12021.0
PN	0.0	0.0	0.0	0.0	18086.0	0.0	0.0	385.0
GG	0.0	1440580.0	68626.0	100466.0	253530.5	102514.0	0.0	238461.0
WF	0.0	0.0	111223.0	0.0	61637.0	172491.5	0.0	13382.0
NR	0.0	50748.0	19549.0	0.0	39606.0	2550.0	0.0	7033.0
BH	409813.0	819519.5	1845097.5	601901.0	537396.0	1136389.5	58260.5	551317.5
CY	1467100.5	3396923.5	6883613.0	3873667.0	10059397.0	4560075.5	898460.5	2646463.5
IE	5218927.5	11275698.0	9835362.0	24379560.0	32622150.0	34347020.0	5270379.5	50727276.0
NU	0.0	0.0	11650.0	117810.0	111600.0	90872.0	0.0	11796.0
FX	66783384.0	186260208.0	229297216.0	232579488.0	780539712.0	476838048.0	37581888.0	444244224.0
NC	141634.5	3527643.5	1093591.0	1670477.5	6089199.0	1245937.0	0.0	852104.5
AL	976285.5	4728684.0	5406578.0	3517845.75	9510767.0	7874412.0	552657.0	3761587.0
PE	3081843.0	54418716.0	41141580.0	25572168.0	18545140.0	49189892.0	60272028.0	17834636.0
CN	630167808.0	940861632.0	142735600.0	522293632.0	115110272.0	641874880.0	194932096.0	152445824.0
BY	2912517.5	40027732.0	32622252.0	5992153.0	105551072.0	102532064.0	10319780.0	33485580.0
TK	0.0	0.0	1596.0	0.0	1455.0	0.0	0.0	0.0
LU	881040.75	2578341.0	1688697.0	3748239.75	10007078.0	786590.75	58311.0	759863.0
PT	17536884.0	43397352.0	51760840.0	16944776.0	105276600.0	53389180.0	9144664.0	31190672.0
IL	1867651.0	9154023.0	17053964.0	5072904.5	38207992.0	11266254.0	7678655.0	2641368.5
SS	0.0	14873658.0	4041925.5	8788445.0	24127358.0	7553680.5	647003.0	9123574.0
KR	25246766.0	48591276.0	29627546.0	45860472.0	26216948.0	39718740.0	19824398.0	10421207.0
SR	0.0	1486933.25	2285915.75	868288.5	4080955.75	1248857.5	0.0	326666.0
NP	0.0	4889696.0	12228163.0	7653545.0	61592288.0	19164270.0	5398508.0	36422640.0
AT	12547925.0	31634142.0	46443952.0	26398062.0	269856544.0	34357512.0	1341194.5	40036476.0
SK	2618860.5	10455576.0	17140824.0	7483098.0	72172456.0	21108514.0	1499930.0	3604361.5
UA	969409.5	51181296.0	136945776.0	59416100.0	210963328.0	132970856.0	29028334.0	112721560.0
SE	12134190.0	36039252.0	43339476.0	39649816.0	157166208.0	132433840.0	25488752.0	101792736.0
QA	1608632.5	3292313.5	3224606.5	1485321.5	5052826.5	2296188.5	1057988.5	1857014.0
ES	90611840.0	88411608.0	152407536.0	79774736.0	569381568.0	201559600.0	54004008.0	105470672.0
AU	20101162.0	127305456.0	130195952.0	150309232.0	268675872.0	212485792.0	110079224.0	275401984.0
KG	206277.0	4902534.0	16676600.0	3922369.25	11323084.0	11049737.0	6793773.0	6549789.0
UZ	0.0	11926414.0	35233396.0	9572316.0	23149210.0	21402884.0	12414579.0	24141386.0
CV	0.0	3657944.5	770588.0	674819.0	2198214.5	645889.0	223834.0	299916.0
ER	0.0	613299.0	948351.5	1262956.0	920121.25	1381826.5	3509708.0	1199867.0
RO	3965481.5	35663240.0	74530240.0	57290880.0	102694152.0	45584252.0	16274914.0	16679030.0
TT	289600.5	1908598.5	6913083.0	1540574.0	1504816.5	840264.0	414859.5	365401.5
KE	380158.5	8420230.0	7602509.0	16611459.0	23964316.0	23680238.0	9567703.0	30032930.0
GY	0.0	1587545.0	1905558.0	1082967.5	1600877.25	1038295.0	0.0	438979.75
KZ	1189516.0	20974484.0	32043938.0	32028346.0	64958536.0	59767084.0	39895024.0	25846966.0
GQ	0.0	1227653.5	400144.5	895373.75	448836.5	1602687.5	651987.5	829765.5
AZ	1255947.5	7677770.0	8550525.0	7888156.0	20851092.0	9225875.0	6457492.0	7143928.0
TH	2563131.5	50102052.0	82099080.0	57896796.0	64376016.0	103630328.0	38828628.0	72842320.0
MQ	42011.0	1104391.75	1131099.5	953418.5	709315.5	372882.5	117588.0	1052683.0
UY	0.0	4767579.0	14577606.0	7574678.0	33232228.0	7968504.0	8342261.0	2820422.75
MM	3250247.0	25616086.0	18470904.0	19385762.0	9499995.0	25124520.0	8203275.0	17236814.0
SY	4095372.5	14152690.0	20681758.0	18890904.0	11548167.0	40467752.0	6482222.0	26071130.0
BR	63552120.0	467286016.0	504433216.0	194521312.0	149904000.0	360069888.0	26142188.0	261029488.0
BG	4132953.25	10199807.0	27763186.0	7385279.0	34108124.0	21415510.0	1388390.0	14623865.0
RU	4438520.0	271829152.0	427903968.0	223665008.0	1214549632.0	614768960.0	167569536.0	388472384.0
LT	2281262.0	17234608.0	9808997.0	15296433.0	44117208.0	14967140.0	4953993.5	33967324.0
GE	718378.5	8440070.0	24505400.0	8191396.0	20750712.0	14877365.0	1075919.5	10842866.0
SB	0.0	469886.5	223218.5	253517.5	312059.5	441753.5	0.0	580604.5
TJ	0.0	4149472.0	8960604.0	4441421.0	6670654.0	8633006.0	5896802.0	4251059.0
AO	39351.0	24865832.0	7094932.0	5842539.0	9000702.0	19631998.0	11961189.0	20178636.0
MZ	10773.0	11810587.0	8445336.0	15580034.0	18848202.0	26792126.0	6762762.0	46655536.0
MA	8751841.0	32004764.0	22331728.0	19965078.0	82678592.0	56436068.0	6785824.0	29515542.0
SO	0.0	9464806.0	3615179.0	8504617.0	146573888.0	5200676.5	0.0	10270296.0
HN	0.0	5624529.5	10130904.0	5717007.0	3542082.5	9012423.0	2777809.0	5266464.0
PM	0.0	134185.0	13709.0	0.0	37523.0	0.0	0.0	21053.0
MN	0.0	14817731.0	6403568.5	13201915.0	14627813.0	23962604.0	12867288.0	13086876.0
ML	13143.0	18938690.0	11621994.0	11641426.0	78221112.0	27336032.0	1918496.0	30832886.0
DO	2565706.5	5703200.0	15324534.0	4973381.0	6909367.0	5753479.0	721047.5	7784967.0
NZ	1230901.0	24030168.0	16552997.0	13263838.0	38357532.0	24948818.0	12847767.0	46756788.0
CL	16648710.0	60451880.0	32724104.0	23236922.0	44071092.0	82911000.0	1452412.75	21560170.0
GP	48576.0	1744762.5	1430668.5	969501.0	1700268.0	344796.5	193982.5	1759056.0
VC	0.0	448041.5	285849.5	392.0	121771.0	60654.0	0.0	96325.0
GW	0.0	1582050.0	736579.25	638308.75	3459256.75	1572151.0	50460.0	958143.75
NL	13620964.0	22113732.0	20845930.0	15100050.0	97821520.0	35499676.0	5259828.0	64351664.0
GA	0.0	9765696.0	652421.5	1388697.0	2378122.0	1758729.75	184312.0	2700946.5
ET	549703.0	15445564.0	16472012.0	19342274.0	34983176.0	29350482.0	16898048.0	16807140.0
NI	0.0	7491342.5	5615828.0	4513719.5	5472400.0	6799888.0	2280982.0	6107056.0
JP	69244216.0	194412320.0	507612864.0	144156464.0	278175296.0	247994688.0	174893792.0	451964608.0
BF	1731.0	14418910.0	8553582.0	5814959.0	20240688.0	19085756.0	19014.0	12517063.0
LS	0.0	1838006.25	2984329.5	1219758.25	13061980.0	3583909.5	0.0	2055865.75
IR	11976847.0	90626512.0	63590648.0	82218688.0	27802604.0	138877328.0	68447152.0	25928498.0
CD	3291.0	91471768.0	17387804.0	21156440.0	104072392.0	19691852.0	6366514.0	27036360.0
FI	5131721.0	26418020.0	43808112.0	30979678.0	173132656.0	90178664.0	24594468.0	74174816.0
SV	862419.0	3890906.25	8482627.0	2544166.5	2125810.5	7226203.5	1756967.0	3742801.5
LR	0.0	4752195.5	2002202.0	2891082.0	12522040.0	5789614.5	2630232.0	10247227.0
EG	8004703.0	15631960.0	59705080.0	16517701.0	25829090.0	22536148.0	42638232.0	15751890.0
MG	0.0	17402570.0	4068019.5	5163855.0	20590724.0	13759404.0	0.0	21872058.0
GR	10744876.0	50930656.0	53214856.0	32938662.0	123668048.0	88438360.0	3813792.0	23814822.0
TF	0.0	0.0	1125.0	0.0	213647.5	0.0	0.0	4487.5
LA	0.0	13013696.0	2899382.0	4998543.0	12901976.0	9623640.0	133387.5	8551326.0
NA	103938.0	25558786.0	3143500.0	38325964.0	42640992.0	7613849.0	11684555.0	7105999.0
PK	5661926.5	57962592.0	25857246.0	38125872.0	18739314.0	50725536.0	31238898.0	25073206.0
ZW	0.0	7331195.0	10852356.0	11446128.0	16489572.0	33829940.0	9786269.0	25505570.0
CI	1340630.5	20112938.0	7100500.0	7511734.0	9802562.0	14246484.0	63.0	30046160.0
AI	0.0	166344.5	125692.5	21874.5	163883.5	47382.0	0.0	12844.5
CM	0.0	14205943.0	11359129.0	24868016.0	30649936.0	36808392.0	12585419.0	31660066.0
DE	75893840.0	131141072.0	301904992.0	191651776.0	1396145536.0	208992288.0	19897906.0	135396960.0
AG	0.0	609140.5	717341.0	126242.0	233495.0	107339.5	0.0	218291.5
TM	0.0	7645893.0	7927663.0	2948652.0	5474603.0	7085691.0	8849612.0	3455580.0
EE	0.0	3714887.0	5349852.0	4747865.0	20235734.0	21310762.0	3205518.5	15693763.0
KN	0.0	110951.5	316460.25	79720.0	60178.75	53586.0	0.0	67408.75
AE	5810608.0	14273802.0	10258766.0	6644104.5	11932795.0	10771934.0	8245180.0	8838566.0
FJ	0.0	2156369.0	2492242.0	784136.5	3835172.0	1962152.0	0.0	2024056.5
TL	0.0	3709717.0	401212.5	905524.0	903597.0	1191876.0	0.0	571821.0
CO	0.0	36666996.0	38426440.0	27294292.0	50379344.0	43793736.0	15094242.0	27000432.0
SD	0.0	9975578.0	31292428.0	7116786.0	13334808.0	14426870.0	11104405.0	14872104.0
IM	0.0	1048026.25	145507.5	243008.5	773809.75	42430.0	399789.75	260018.0
TR	12015599.0	66828496.0	138468928.0	75821328.0	111962512.0	389477728.0	93024872.0	36319580.0
RW	225.0	2319516.5	3223363.5	3106615.25	3388234.5	6555021.0	2096663.5	4148569.75
XK	476202.0	1449887.0	4970119.5	1421197.0	2016247.5	2034564.0	451333.5	936242.5
ZM	1095.0	9023600.0	8305768.0	10031832.0	10239898.0	21849580.0	8545796.0	17455156.0
CZ	7140222.0	17156900.0	38677408.0	30091014.0	148811968.0	70375592.0	2424372.0	10496514.0
VN	2786202.5	40520168.0	24288278.0	32060158.0	13026930.0	26296472.0	13205260.0	16405378.0
JO	1598442.0	3488323.5	14735458.0	3146594.0	4957015.5	7559856.0	6671143.5	5518216.0
PH	1952115.0	58173104.0	65656052.0	29746544.0	45316332.0	56642264.0	31288856.0	29877694.0
AF	0.0	11181710.0	8522161.0	7303877.5	56047692.0	13396918.0	8046880.0	19450392.0
BA	1623762.0	14049299.0	9527243.0	9879150.0	24037034.0	9833035.0	182959.75	14106561.0
OM	3489370.0	14133622.0	7750172.5	5584117.0	15980755.0	10994225.0	8350460.0	7696983.0
YT	0.0	283971.5	207914.0	260773.5	440138.0	12948.0	0.0	120295.0
PA	927239.0	3792755.25	7889078.0	2266427.0	2799609.5	3404239.0	2237331.0	2552025.25
BW	0.0	5094701.5	9967560.0	4726891.0	38433936.0	18380042.0	9606712.0	7098526.0
DK	7006728.0	15417504.0	28981518.0	12485304.0	78857256.0	29916288.0	1408994.5	37374756.0
VE	6650797.0	19195054.0	44021780.0	18513376.0	21904372.0	15075947.0	14109731.0	6411654.0
PY	0.0	10639456.0	17786816.0	3650661.25	30387110.0	18542382.0	1178138.0	14139521.0
SA	25565244.0	42443904.0	46306716.0	38013840.0	15817094.0	56545096.0	54220768.0	18792590.0
IN	4511973.0	417201184.0	151772960.0	241115920.0	66414632.0	537118016.0	332788352.0	192161024.0
BO	0.0	14088525.0	28488190.0	17968412.0	38639932.0	32220892.0	29352008.0	65217940.0
IT	42493156.0	122943144.0	140234144.0	131837904.0	443877728.0	198110544.0	28976454.0	206812800.0
NO	2534316.5	74512320.0	27377264.0	46740080.0	97520704.0	12281817.0	28204076.0	34119380.0
CU	3285797.5	11787925.0	16368026.0	12265007.0	27306592.0	17172358.0	1980424.5	20494358.0
HR	5436115.0	20599792.0	13111380.0	16102080.0	40241236.0	14358074.0	795571.75	8721820.0
GB	21165300.0	106240680.0	136075360.0	67872608.0	351337280.0	121960784.0	85294144.0	140359040.0
BZ	0.0	2147447.0	1802512.5	436709.0	2898134.0	1724339.5	0.0	1887700.5
AR	8910638.0	226712160.0	164049856.0	67015208.0	45760508.0	57300096.0	113248296.0	199311344.0
SI	2002978.75	2263645.0	4457984.5	3054145.5	11226144.0	5834556.0	118755.0	9843665.0
GL	0.0	1218678.5	175995.0	68245.0	836184.0	105325.0	0.0	150741.0
TZ	0.0	19432736.0	14928338.0	32187022.0	27143948.0	45847044.0	15951807.0	36507564.0
TG	0.0	4180189.0	6192191.0	3138710.0	12749182.0	5764520.0	0.0	10990207.0
NE	0.0	11331941.0	4845728.0	9219744.0	34691448.0	8519592.0	1340518.5	4900801.5
TD	0.0	8583774.0	3546305.75	4269831.0	12846374.0	7874367.0	1124114.5	9927680.0
CF	0.0	12982600.0	1619451.0	11598827.0	14990476.0	7929001.0	1531998.0	3944240.75
YE	3600.0	14498266.0	4562004.0	7909745.5	5796625.5	6586877.0	6866573.0	4610073.0
CH	8776914.0	17559252.0	27262372.0	10295342.0	134507808.0	21573524.0	1639548.5	19130722.0
CR	0.0	6343109.0	14092996.0	5219980.5	2919686.0	6497287.0	904050.5	9579860.0
RS	4027700.0	13400734.0	20568958.0	15352220.0	29546954.0	10048935.0	460019.25	17566070.0
KY	0.0	458355.0	430596.5	120935.0	265439.5	129128.5	0.0	24567.0
EC	2512799.0	19106282.0	30830246.0	14254555.0	26010594.0	31742312.0	8589554.0	19180060.0
GH	193329.0	17148912.0	11150110.0	12476670.0	4056578.75	35238836.0	6145074.0	8214603.5
KH	0.0	5788569.0	12989180.0	4185912.25	11124774.0	7799353.5	5488874.0	13024939.0
CG	0.0	9045334.0	6843118.5	3012426.5	1435041.0	11284024.0	11217.0	1107879.5
BE	10782230.0	17991504.0	37756440.0	16101391.0	77414288.0	29369414.0	4374643.0	33255124.0
DJ	0.0	687848.0	238769.0	414386.5	1644448.75	400098.75	603206.0	450869.25
US	607109312.0	1044573824.0	6448131072.0	1061642944.0	2534071808.0	1406954240.0	401128544.0	368294016.0
KW	2435021.0	1020955.5	3957551.5	2383937.5	1129996.0	2848280.0	1342695.5	1935301.75
ID	6484979.0	98383304.0	94164208.0	63188572.0	37936312.0	87767816.0	43476704.0	48452576.0
MW	0.0	677650.5	3208389.75	4864808.0	11086789.0	8029645.5	9642058.0	19515716.0
BS	0.0	2251814.5	2392247.5	1103912.0	1372018.5	931385.0	0.0	1228145.0
HT	0.0	3012738.5	3727236.0	2713815.0	12978394.0	2235843.5	37017.0	7713305.0
NG	2195736.5	60397268.0	38510780.0	45543544.0	21577710.0	94475792.0	36850824.0	133562224.0
KP	1895252.0	16616010.0	6422210.0	12791562.0	6688847.5	17632278.0	733132.0	9442054.0
LK	1001899.5	6314905.0	26656596.0	14583891.0	7477585.5	23509190.0	11098726.0	4363907.0
BJ	46425.0	9748164.0	5890841.0	4940130.0	3135375.75	11331582.0	0.0	18078344.0
MR	0.0	5337042.0	2785818.75	2661363.5	6644691.5	3508345.25	4538011.5	3794991.0
SL	0.0	3178253.5	2724560.5	3674122.5	21003444.0	8192182.0	2097359.5	19760212.0
KI	0.0	233385.5	59094.5	147940.5	505786.0	8112.0	0.0	330024.5
SN	184882.0	7200223.0	14085014.0	1863161.25	14359827.0	6864381.0	119021.5	4729580.0
AM	113001.0	3305899.5	4858060.0	2112164.0	16131690.0	8404703.0	2950507.0	4439720.0
ZA	11786249.0	58311612.0	105817008.0	69787848.0	64555888.0	126497688.0	32448942.0	72105680.0
GT	599121.0	5241667.0	15303584.0	7230759.0	2403926.25	9027290.0	2101650.5	5492374.5
ME	0.0	3012707.0	1792342.75	1371074.25	5909766.0	1742021.0	37656.0	4393590.0
GS	0.0	0.0	0.0	0.0	27750.0	0.0	0.0	0.0
RE	0.0	879790.0	3140799.5	1394662.5	1953095.0	970483.5	760534.0	956190.5
BD	23937.0	15798614.0	5044217.0	14090958.0	4067256.5	20205638.0	9822568.0	5462348.0
SH	0.0	4396030.0	62479.0	0.0	111838.0	166236.0	0.0	48624.0
FK	0.0	739216.5	48378.5	0.0	802493.5	0.0	267973.5	459572.0
CA	46985976.0	211425216.0	251671648.0	203539904.0	344569312.0	431652544.0	84637896.0	351377088.0
MF	0.0	123383.25	120526.5	35940.0	121438.0	21000.0	0.0	9032.0
VU	0.0	429093.0	329435.5	552159.5	1370493.0	789295.5	0.0	1068388.0
IS	89562.0	11217358.0	1825935.0	6384379.0	12640761.0	6099139.0	3826929.5	2986175.5
LC	0.0	548391.75	442940.5	49952.5	226230.0	209403.5	0.0	316028.5
LB	169232.0	4913479.0	3722251.5	4994936.0	3121126.75	6878045.0	1157959.0	1781631.5
DZ	9128909.0	77563216.0	41224068.0	55111136.0	23309698.0	40624996.0	15562020.0	28992704.0
PG	39108.0	7624848.0	1158907.0	4041734.0	7231833.5	3991836.5	1460594.0	4066606.5
TO	0.0	2608912.5	465229.5	156342.0	852885.5	426370.5	0.0	351674.0
PW	0.0	288777.0	55960.0	117675.0	78276.5	104096.0	0.0	67095.5
UG	11382.0	12264838.0	6475677.5	18105976.0	10230328.0	27572016.0	904762.5	33522798.0
MT	0.0	641784.5	1036242.0	406185.5	1438300.5	444066.0	344237.5	414852.0
LY	955561.5	11212040.0	19085960.0	10293096.0	14427260.0	11370623.0	21625064.0	11917547.0
MX	44738472.0	143902160.0	221786864.0	88717440.0	69499440.0	119668112.0	46603944.0	68075800.0
TW	6021497.0	21981686.0	15594281.0	9330658.0	41374144.0	30197048.0	4045766.5	17150028.0
GN	90.0	5608676.5	6008637.0	7282754.0	56960240.0	18988314.0	9342596.0	26242354.0
LV	0.0	19477658.0	7121813.5	21849600.0	19655664.0	12447433.0	6038074.0	24030236.0
GM	0.0	2268418.25	2579578.75	496598.5	3618936.25	1184232.0	593072.0	1616194.75
FO	0.0	1044297.75	376068.0	277646.5	227440.5	71292.0	0.0	73145.5
PL	8905994.0	57142972.0	132902640.0	60726416.0	487428096.0	165691024.0	8553898.0	66752700.0
PF	0.0	8950160.0	810086.5	583254.5	962530.0	408700.0	81726.0	270174.0
BT	0.0	2025576.5	222066.75	1014872.5	1032779.5	1385802.25	907977.0	2460322.75
MK	1337648.0	2724599.0	5348854.5	6495338.0	5832514.0	6135169.0	180638.75	3324096.0
HU	7025224.5	24059026.0	44885580.0	30578688.0	145582304.0	19668786.0	1285167.0	10405770.0
FM	0.0	44502.0	113684.0	0.0	268427.5	277286.0	0.0	130616.0
MY	11698454.0	29378208.0	37053560.0	20205926.0	19380652.0	23190034.0	21946566.0	12618876.0
IQ	6280622.0	16672920.0	23462326.0	15815366.0	12000478.0	24841232.0	23220920.0	23619000.0
BI	0.0	5224397.5	2146790.75	6336332.0	1390491.0	15118876.0	104528.0	6379028.0
MU	94578.0	726275.0	1244333.0	1348402.5	929204.0	876190.5	475259.5	489147.25
SZ	315786.5	1512842.75	895872.5	1296086.5	5424681.0	3990219.0	725850.0	4785968.0
KM	0.0	502278.0	466172.5	155666.0	146167.5	702312.5	0.0	179530.0
MD	0.0	5106925.0	10633352.0	3761099.0	15266991.0	3503242.5	2943374.25	1296164.0
TV	0.0	30090.5	38967.0	0.0	35952.0	0.0	0.0	54.0
BB	0.0	582512.5	1182043.5	608487.5	483961.5	45782.0	136159.0	286824.5
MV	0.0	578951.0	752212.0	12867.5	253151.0	69422.0	0.0	116711.5
CK	0.0	132.0	130225.5	112299.0	137923.0	57736.5	0.0	94431.5
TN	1995886.0	15515171.0	15785169.0	11385324.0	23262372.0	15994554.0	1710668.5	9690398.0
MH	0.0	51153.5	24068.0	18192.0	153089.5	90695.0	0.0	68374.5
GF	0.0	1555762.25	689441.25	754291.0	2963652.75	294933.0	0.0	446613.0
TC	0.0	172067.5	467916.0	82479.0	194407.5	61829.0	0.0	41643.5
GD	0.0	613782.0	384519.0	130957.5	272948.5	128887.5	0.0	95776.0
JM	648582.5	2395260.5	7068241.0	1827200.5	1834408.0	2423132.5	279972.0	2053773.5
ST	0.0	415678.5	144958.0	156232.0	433339.5	95556.0	0.0	93760.5
